$ 1 0.000005 7.619785657297057 50 5 50 5e-11
. COUTNER_MAX/LOAD/EN 1 10 13 28 CLK 17 11 2 D0 16 9 2 D1 15 8 2 D2 14 7 2 D3 13 6 2 D4 12 5 2 D5 11 4 2 D6 10 3 2 D7 9 2 2 D_set 40 0 2 EN 21 1 2 M0 23 8 1 M1 25 7 1 M2 27 6 1 M3 29 5 1 M4 31 4 1 M5 33 3 1 M6 35 2 1 M7 37 1 1 Q0 8 7 3 Q1 7 6 3 Q2 6 5 3 Q3 5 4 3 Q4 4 3 3 Q5 3 2 3 Q6 2 1 3 Q7 1 0 3 RESET 42 10 2 Counter2Elm\s1\s2\s3\s4\s5\s6\s7\s8\s9\s10\s11\s12\s13\s14\s15\s16\s17\s18\s17\s19\s20\s21\rMultiplexerElm\s22\s8\s23\s24\rRailElm\s22\rMultiplexerElm\s22\s7\s25\s26\rMultiplexerElm\s22\s6\s27\s28\rMultiplexerElm\s22\s5\s29\s30\rMultiplexerElm\s22\s4\s31\s32\rMultiplexerElm\s22\s3\s33\s34\rMultiplexerElm\s22\s2\s35\s36\rMultiplexerElm\s22\s1\s37\s38\rNandGateElm\s38\s36\s34\s32\s30\s28\s26\s24\s39\rResistorElm\s18\s0\rMultiplexerElm\s39\s41\s42\s18\rInverterElm\s40\s20\rRailElm\s43\rInverterElm\s43\s41 0\\s8\\s0\\s0\\s0\\s0\\s0\\s0\\s0\\s0\\s0\s5120\\s1\s0\\s0\\s40\\s5\\s0\\s0\\s0.5\s5120\\s1\s5120\\s1\s5120\\s1\s5120\\s1\s5120\\s1\s5120\\s1\s5120\\s1\s0\\s8\\s0\\s5\s0\\s1000\s0\\s1\s0\\s0.5\\s5\s0\\s0\\s40\\s5\\s0\\s0\\s0.5\s0\\s0.5\\s5
410 384 352 432 384 1 COUTNER_MAX/LOAD/EN 0\s8\s0\s0\s5\s5\s0\s5\s5\s5\s0 5120\s1 0\s0\s40\s5\s0\s0\s0.5 5120\s1 5120\s1 5120\s1 5120\s1 5120\s1 5120\s1 5120\s1 0\s8\s0\s5 0\s1000 0\s1 0\s0.5\s5 0\s0\s40\s5\s0\s0\s0.5 0\s0.5\s5
R 224 912 160 912 1 2 10000 2.5 2.5 0 0.5
R 256 384 176 384 0 0 40 5 0 0 0.5
w 256 384 384 384 0
419 1792 352 1808 352 0 8
R 320 848 240 848 0 0 40 5 0 0 0.5
w 320 848 448 848 0
410 1328 352 1376 384 1 COUTNER_MAX/LOAD/EN 0\s8\s0\s0\s0\s0\s0\s5\s5\s5\s0 5120\s1 0\s0\s40\s5\s0\s0\s0.5 5120\s1 5120\s1 5120\s1 5120\s1 5120\s1 5120\s1 5120\s1 0\s8\s0\s5 0\s1000 0\s1 0\s0.5\s5 0\s0\s40\s5\s0\s0\s0.5 0\s0.5\s5
w 448 848 512 848 0
w 224 912 384 912 0
w 384 912 384 704 0
w 864 912 1168 912 0
w 1184 912 1328 912 0
w 384 912 608 912 0
w 608 912 752 912 0
419 848 352 864 352 0 8
w 1024 160 1024 384 0
w 608 768 608 848 0
w 576 768 576 848 0
w 544 768 544 848 0
w 512 768 512 848 0
w 512 848 544 848 0
w 544 848 576 848 0
w 576 848 608 848 0
w 608 848 672 848 0
w 672 848 1456 848 0
x 1456 302 1540 305 4 24 minutes
w 752 912 864 912 0
w 1328 912 2176 912 0
w 1488 768 1488 848 0
w 1520 768 1520 848 0
w 1456 768 1456 848 0
w 1456 848 1488 848 0
w 1488 848 1520 848 0
w 1552 768 1552 848 0
w 1520 848 1552 848 0
w 1168 912 1184 912 0
w 1024 384 1024 736 0
w 1024 736 1328 736 0
w 1328 736 1328 704 0
150 784 256 784 160 0 4 0 5
w 784 160 1024 160 0
R 1328 384 1248 384 0 0 40 5 0 0 0.5
w 1328 352 1328 256 0
s 1328 256 1248 256 0 1 false
R 1248 256 1168 256 0 0 40 5 0 0 0.5
R 1328 480 1248 480 0 0 40 5 0 0 0.5
R 1328 544 1248 544 0 0 40 5 0 0 0.5
R 1328 512 1248 512 0 0 40 5 0 0 0.5
w 736 512 752 512 0
w 752 512 752 256 0
w 736 480 768 480 0
w 768 480 768 256 0
w 736 448 800 448 0
w 800 448 800 256 0
w 736 416 816 416 0
w 816 416 816 256 0
w 736 352 848 352 0
w 736 384 848 384 0
w 816 416 848 416 0
w 800 448 848 448 0
w 768 480 848 480 0
w 752 512 848 512 0
w 736 544 848 544 0
w 736 576 848 576 0
w 1680 576 1792 576 0
w 1680 544 1792 544 0
w 1696 512 1792 512 0
w 1712 480 1792 480 0
w 1744 448 1792 448 0
w 1760 416 1792 416 0
w 1680 384 1792 384 0
w 1680 352 1792 352 0
w 1760 416 1760 256 0
w 1680 416 1760 416 0
w 1744 448 1744 256 0
w 1680 448 1744 448 0
w 1712 480 1712 256 0
w 1680 480 1712 480 0
w 1696 512 1696 256 0
w 1680 512 1696 512 0
150 1728 256 1728 160 0 4 0 5
x 1218 197 1428 227 4 24 set\sto\s56\s\\nfor\stesting\spurposes
x 521 302 610 305 4 24 seconds
410 320 1216 368 1248 1 COUTNER_MAX/LOAD/EN 0\s8\s0\s0\s0\s0\s0\s0\s0\s0\s0 5120\s1 0\s0\s40\s5\s0\s0\s0.5 5120\s1 5120\s1 5120\s1 5120\s1 5120\s1 5120\s1 5120\s1 0\s8\s0\s5 0\s1000 0\s1 0\s0.5\s5 0\s0\s40\s5\s0\s0\s0.5 0\s0.5\s5
410 1552 1200 1600 1232 1 COUTNER_MAX/LOAD/EN 0\s8\s0\s0\s0\s0\s0\s0\s0\s0\s0 5120\s1 0\s0\s40\s5\s0\s0\s0.5 5120\s1 5120\s1 5120\s1 5120\s1 5120\s1 5120\s1 5120\s1 0\s8\s0\s5 0\s1000 0\s1 0\s0.5\s5 0\s0\s40\s5\s0\s0\s0.5 0\s0.5\s5
R -32 1680 -112 1680 0 0 40 5 0 0 0.5
w -32 1680 432 1680 0
w 432 1680 448 1632 0
w 432 1680 480 1632 0
w 432 1680 512 1632 0
w 432 1680 544 1632 0
w 432 1680 1216 1680 0
w 1664 1680 1680 1616 0
w 1664 1680 1712 1616 0
w 1664 1680 1744 1616 0
w 1664 1680 1776 1616 0
R 1440 1232 1360 1232 0 0 40 5 0 0 0.5
R 1472 1328 1408 1328 0 0 40 5 0 0 0.5
R 1456 1360 1392 1360 0 0 40 5 0 0 0.5
R 1456 1392 1376 1392 0 0 40 5 0 0 0.5
w 1440 1232 1552 1232 0
w 1472 1328 1552 1328 0
w 1456 1360 1552 1360 0
w 1456 1392 1552 1392 0
R 256 1248 160 1248 0 0 40 5 0 0 0.5
w 256 1248 320 1248 0
I 1008 1184 1056 1184 0 0.5 5
I 1008 1248 1056 1248 0 0.5 5
I 1008 1312 1056 1312 0 0.5 5
I 1008 1376 1056 1376 0 0.5 5
I 1008 1440 1056 1440 0 0.5 5
I 1008 1504 1056 1504 0 0.5 5
w 672 1440 944 1520 0
w 736 576 944 1488 0
w 736 544 944 1456 0
w 672 1408 944 1424 0
w 672 1376 944 1392 0
w 752 512 944 1360 0
w 672 1344 944 1328 0
w 768 480 944 1296 0
w 672 1312 944 1264 0
w 800 448 944 1232 0
w 816 416 944 1200 0
w 672 1280 944 1168 0
150 1184 1200 1296 1200 0 6 0 5
w 1056 1184 1184 1152 0
w 1056 1248 1184 1168 0
w 1056 1312 1184 1184 0
w 1056 1376 1184 1216 0
w 1056 1440 1184 1232 0
w 1056 1504 1184 1248 0
w 2096 1520 2224 1264 0
w 2096 1456 2224 1248 0
w 2096 1392 2224 1232 0
w 2096 1328 2224 1200 0
w 2096 1264 2224 1184 0
w 2096 1200 2224 1168 0
150 2224 1216 2336 1216 0 6 0 5
I 2048 1520 2096 1520 0 0.5 5
I 2048 1456 2096 1456 0 0.5 5
I 2048 1392 2096 1392 0 0.5 5
I 2048 1328 2096 1328 0 0.5 5
I 2048 1264 2096 1264 0 0.5 5
I 2048 1200 2096 1200 0 0.5 5
150 1904 1936 1904 2000 0 2 0 5
w 1296 1200 1888 1936 0
w 1216 1680 1664 1680 0
w 1680 576 1984 1536 0
w 1904 1424 1984 1504 0
w 1904 1392 1984 1472 0
w 1680 544 1984 1440 0
w 1904 1360 1984 1408 0
w 1696 512 1984 1376 0
w 1904 1328 1984 1344 0
w 1712 480 1984 1312 0
w 1904 1296 1984 1280 0
w 1904 1264 1984 1216 0
w 1760 416 1952 1120 0
w 1952 1120 1984 1184 0
w 1744 448 1984 1248 0
154 944 1504 1008 1504 0 2 0 5
154 944 1440 1008 1440 0 2 0 5
154 944 1376 1008 1376 0 2 0 5
154 944 1312 1008 1312 0 2 0 5
154 944 1248 1008 1248 0 2 0 5
154 944 1184 1008 1184 0 2 0 5
154 1984 1520 2048 1520 0 2 0 5
154 1984 1456 2048 1456 0 2 0 5
154 1984 1392 2048 1392 0 2 0 5
154 1984 1328 2048 1328 0 2 0 5
154 1984 1264 2048 1264 0 2 0 5
154 1984 1200 2048 1200 0 2 0 5
w 2336 1216 1920 1936 0
