$ 1 0.000015625 7.619785657297057 50 5 50 5e-11
. COUTNER_MAX/LOAD/EN 1 10 13 28 CLK 17 11 2 D0 16 9 2 D1 15 8 2 D2 14 7 2 D3 13 6 2 D4 12 5 2 D5 11 4 2 D6 10 3 2 D7 9 2 2 D_set 40 0 2 EN 21 1 2 M0 23 8 1 M1 25 7 1 M2 27 6 1 M3 29 5 1 M4 31 4 1 M5 33 3 1 M6 35 2 1 M7 37 1 1 Q0 8 7 3 Q1 7 6 3 Q2 6 5 3 Q3 5 4 3 Q4 4 3 3 Q5 3 2 3 Q6 2 1 3 Q7 1 0 3 RESET 42 10 2 Counter2Elm\s1\s2\s3\s4\s5\s6\s7\s8\s9\s10\s11\s12\s13\s14\s15\s16\s17\s18\s17\s19\s20\s21\rMultiplexerElm\s22\s8\s23\s24\rRailElm\s22\rMultiplexerElm\s22\s7\s25\s26\rMultiplexerElm\s22\s6\s27\s28\rMultiplexerElm\s22\s5\s29\s30\rMultiplexerElm\s22\s4\s31\s32\rMultiplexerElm\s22\s3\s33\s34\rMultiplexerElm\s22\s2\s35\s36\rMultiplexerElm\s22\s1\s37\s38\rNandGateElm\s38\s36\s34\s32\s30\s28\s26\s24\s39\rResistorElm\s18\s0\rMultiplexerElm\s39\s41\s42\s18\rInverterElm\s40\s20\rRailElm\s43\rInverterElm\s43\s41 0\\s8\\s0\\s0\\s0\\s0\\s0\\s0\\s0\\s0\\s0\s5120\\s1\s0\\s0\\s40\\s5\\s0\\s0\\s0.5\s5120\\s1\s5120\\s1\s5120\\s1\s5120\\s1\s5120\\s1\s5120\\s1\s5120\\s1\s0\\s8\\s0\\s5\s0\\s1000\s0\\s1\s0\\s0.5\\s5\s0\\s0\\s40\\s5\\s0\\s0\\s0.5\s0\\s0.5\\s5
410 192 352 240 384 1 COUTNER_MAX/LOAD/EN 0\s8\s0\s0\s5\s5\s5\s0\s0\s0\s0 5120\s1 0\s0\s40\s5\s0\s0\s0.5 5120\s1 5120\s1 5120\s1 5120\s1 5120\s1 5120\s1 5120\s1 0\s8\s5\s5 0\s1000 0\s1 0\s0.5\s5 0\s0\s40\s5\s0\s0\s0.5 0\s0.5\s5
R 32 912 -32 912 1 2 100 2.5 2.5 0 0.5
R 64 384 -16 384 0 0 40 5 0 0 0.5
w 64 384 192 384 0
419 1824 352 1840 352 0 8
R 128 848 48 848 0 0 40 5 0 0 0.5
w 128 848 256 848 0
410 1328 352 1376 384 1 COUTNER_MAX/LOAD/EN 0\s8\s0\s0\s0\s0\s0\s0\s5\s0\s0 5120\s1 0\s0\s40\s5\s0\s0\s0.5 5120\s1 5120\s1 5120\s1 5120\s1 5120\s1 5120\s1 5120\s1 0\s8\s5\s5 0\s1000 0\s1 0\s0.5\s5 0\s0\s40\s5\s0\s0\s0.5 0\s0.5\s5
w 256 848 320 848 0
w 32 912 192 912 0
w 192 912 192 704 0
w 192 912 1328 912 0
419 688 352 704 352 0 8
w 416 768 416 848 0
w 384 768 384 848 0
w 352 768 352 848 0
w 320 768 320 848 0
w 320 848 352 848 0
w 352 848 384 848 0
w 384 848 416 848 0
w 416 848 480 848 0
w 480 848 1264 848 0
x 1456 302 1540 305 4 24 minutes
w 1328 912 2176 912 0
w 1488 768 1488 848 0
w 1520 768 1520 848 0
w 1456 768 1456 848 0
w 1456 848 1488 848 0
w 1488 848 1520 848 0
w 1552 768 1552 848 0
w 1520 848 1552 848 0
w 1552 848 2304 848 0
w 2272 912 2304 912 0
w 2176 912 2272 912 0
w 944 160 944 752 0
w 1328 736 1328 704 0
150 624 256 624 160 0 4 0 5
w 624 160 944 160 0
R 1328 384 1248 384 0 0 40 5 0 0 0.5
w 1328 352 1328 256 0
s 1232 256 1152 256 0 1 false
R 1152 256 1072 256 0 0 40 5 0 0 0.5
R 1328 480 1248 480 0 0 40 5 0 0 0.5
R 1328 544 1248 544 0 0 40 5 0 0 0.5
R 1328 512 1248 512 0 0 40 5 0 0 0.5
w 592 512 592 256 0
w 608 480 608 256 0
w 640 448 640 256 0
w 656 416 656 256 0
x 1218 197 1428 227 4 24 load\s56\s\\nfor\stesting\spurposes
x 329 302 418 305 4 24 seconds
152 1168 736 1248 736 0 2 0 5
w 944 752 1168 752 0
w 1248 736 1328 736 0
w 1232 256 1232 320 0
w 1232 320 1168 320 0
w 1168 320 1168 720 0
w 1232 256 1328 256 0
x 1893 143 1973 146 4 24 RESET
w 544 512 592 512 0
w 544 544 576 544 0
w 544 576 560 576 0
w 544 480 608 480 0
w 544 448 640 448 0
w 544 416 656 416 0
w 544 384 672 384 0
w 544 352 688 352 0
w 672 384 688 384 0
w 656 416 688 416 0
w 640 448 688 448 0
w 608 480 688 480 0
w 688 512 592 512 0
w 576 544 688 544 0
w 688 576 560 576 0
w 1824 576 1696 576 0
w 1712 544 1824 544 0
w 1824 512 1728 512 0
w 1744 480 1824 480 0
w 1776 448 1824 448 0
w 1792 416 1824 416 0
w 1808 384 1824 384 0
w 1680 352 1824 352 0
w 1680 384 1808 384 0
w 1680 416 1792 416 0
w 1680 448 1776 448 0
w 1680 480 1744 480 0
w 1680 576 1696 576 0
w 1680 544 1712 544 0
w 1680 512 1728 512 0
w 1792 416 1792 256 0
w 1776 448 1776 256 0
w 1744 480 1744 256 0
w 1728 512 1728 256 0
w 1760 160 2080 160 0
150 1760 256 1760 160 0 4 0 5
w 2080 160 2080 800 0
w 2080 800 1280 800 0
w 1280 800 1280 672 0
w 1280 672 1328 672 0
w 1280 800 144 800 0
w 144 800 144 672 0
w 144 672 192 672 0
s 128 1552 224 1552 0 0 false
s 128 1616 224 1616 0 1 false
s 128 1680 224 1680 0 0 false
s 128 1744 224 1744 0 1 false
s 128 1808 224 1808 0 1 false
s 128 1872 224 1872 0 1 false
154 784 1568 864 1568 0 2 5 5
I 864 1568 896 1568 0 0.5 5
I 864 1632 896 1632 0 0.5 5
154 784 1632 864 1632 0 2 0 5
I 864 1696 896 1696 0 0.5 5
154 784 1696 864 1696 0 2 5 5
I 864 1760 896 1760 0 0.5 5
154 784 1760 864 1760 0 2 5 5
I 864 1824 896 1824 0 0.5 5
154 784 1824 864 1824 0 2 5 5
I 864 1888 896 1888 0 0.5 5
154 784 1888 864 1888 0 2 5 5
w 224 1552 784 1552 0
w 224 1616 784 1616 0
w 224 1680 784 1680 0
w 224 1744 784 1744 0
w 224 1808 784 1808 0
w 224 1872 784 1872 0
w 560 1584 784 1584 0
w 784 1648 576 1648 0
w 784 1712 592 1712 0
w 784 1776 608 1776 0
w 640 1840 784 1840 0
w 784 1904 656 1904 0
w 128 848 128 1552 0
w 128 1808 128 1872 0
w 128 1744 128 1808 0
w 128 1680 128 1744 0
w 128 1616 128 1680 0
w 128 1552 128 1616 0
w 896 1568 976 1568 0
w 896 1632 960 1632 0
w 896 1696 944 1696 0
w 896 1760 944 1760 0
w 896 1824 960 1824 0
w 896 1888 976 1888 0
150 1040 1728 1136 1728 0 6 0 5
w 944 1696 944 1712 0
w 944 1712 1040 1712 0
w 944 1760 944 1744 0
w 944 1744 1040 1744 0
w 960 1824 960 1760 0
w 960 1760 1040 1760 0
w 960 1632 960 1696 0
w 960 1696 1040 1696 0
w 976 1568 976 1680 0
w 976 1680 1040 1680 0
w 976 1888 976 1776 0
w 976 1776 1040 1776 0
w 2112 1776 2176 1776 0
w 2112 1888 2112 1776 0
w 2112 1680 2176 1680 0
w 2112 1568 2112 1680 0
w 2096 1696 2176 1696 0
w 2096 1632 2096 1696 0
w 2096 1760 2176 1760 0
w 2096 1824 2096 1760 0
w 2080 1744 2176 1744 0
w 2080 1760 2080 1744 0
w 2080 1712 2176 1712 0
w 2080 1696 2080 1712 0
150 2176 1728 2272 1728 0 6 0 5
w 2032 1888 2112 1888 0
w 2032 1824 2096 1824 0
w 2032 1760 2080 1760 0
w 2032 1696 2080 1696 0
w 2032 1632 2096 1632 0
w 2032 1568 2112 1568 0
w 1264 1552 1264 1616 0
w 1264 1616 1264 1680 0
w 1264 1680 1264 1744 0
w 1264 1744 1264 1808 0
w 1264 1808 1264 1872 0
w 1920 1904 1792 1904 0
w 1776 1840 1920 1840 0
w 1920 1776 1744 1776 0
w 1920 1712 1728 1712 0
w 1920 1648 1712 1648 0
w 1696 1584 1920 1584 0
w 1360 1872 1920 1872 0
w 1360 1808 1920 1808 0
w 1360 1744 1920 1744 0
w 1360 1680 1920 1680 0
w 1360 1616 1920 1616 0
w 1360 1552 1920 1552 0
154 1920 1888 2000 1888 0 2 0 5
I 2000 1888 2032 1888 0 0.5 5
154 1920 1824 2000 1824 0 2 0 5
I 2000 1824 2032 1824 0 0.5 5
154 1920 1760 2000 1760 0 2 0 5
I 2000 1760 2032 1760 0 0.5 5
154 1920 1696 2000 1696 0 2 0 5
I 2000 1696 2032 1696 0 0.5 5
154 1920 1632 2000 1632 0 2 5 5
I 2000 1632 2032 1632 0 0.5 5
I 2000 1568 2032 1568 0 0.5 5
154 1920 1568 2000 1568 0 2 0 5
s 1264 1872 1360 1872 0 1 false
s 1264 1808 1360 1808 0 1 false
s 1264 1744 1360 1744 0 1 false
s 1264 1680 1360 1680 0 1 false
s 1264 1616 1360 1616 0 1 false
s 1264 1552 1360 1552 0 1 false
w 1264 848 1456 848 0
w 1264 848 1264 1552 0
w 1136 1728 1136 1936 0
w 1136 1936 2464 1936 0
w 2464 1936 2464 1760 0
w 2464 1760 2544 1760 0
w 2272 1728 2544 1728 0
150 2544 1744 2640 1744 0 2 0 5
x 2473 1687 2598 1690 4 24 ALARM\sON
! SPLIT_DIGITS 0 A,B,C,D,E,F F2,F1,F0,G3,G2,G1,G0 SPLIT_DIGITS 000000\q0000000\n000001\q0000001\n000010\q0000010\n000011\q0000011\n000100\q0000100\n000101\q0000101\n000110\q0000110\n000111\q0000111\n001000\q0001000\n001001\q0001001\n001010\q0010000\n001011\q0010001\n001100\q0010010\n001101\q0010011\n001110\q0010100\n001111\q0010101\n010000\q0010110\n010001\q0010111\n010010\q0011000\n010011\q0011001\n010100\q0100000\n010101\q0100001\n010110\q0100010\n010111\q0100011\n011000\q0100100\n011001\q0100101\n011010\q0100110\n011011\q0100111\n011100\q0101000\n011101\q0101001\n011110\q0110000\n011111\q0110001\n100000\q0110010\n100001\q0110011\n100010\q0110100\n100011\q0110101\n100100\q0110110\n100101\q0110111\n100110\q0111000\n100111\q0111001\n101000\q1000000\n101001\q1000001\n101010\q1000010\n101011\q1000011\n101100\q1000100\n101101\q1000101\n101110\q1000110\n101111\q1000111\n110000\q1001000\n110001\q1001001\n110010\q1010000\n110011\q1010001\n110100\q1010010\n110101\q1010011\n110110\q1010100\n110111\q1010101\n111000\q1010110\n111001\q1010111\n111010\q1011000\n111011\q1011001\n
208 1888 992 2048 992 0 SPLIT_DIGITS 0 0 0 0 0 5 0
x 1887 940 2047 943 4 24 SPLIT_DIGITS
w 1696 1152 1696 1584 0
w 1712 1120 1712 1648 0
w 1728 1088 1728 1712 0
w 1744 1056 1744 1776 0
w 1776 1024 1776 1840 0
w 1792 992 1792 1904 0
w 1696 1152 1888 1152 0
w 1712 1120 1888 1120 0
w 1728 1088 1888 1088 0
w 1744 1056 1888 1056 0
w 1776 1024 1888 1024 0
w 1792 992 1888 992 0
w 1696 1152 1696 576 0
w 1712 1120 1712 544 0
w 1728 1088 1728 512 0
w 1744 1056 1744 480 0
w 1776 1024 1776 448 0
w 1792 992 1792 416 0
w 656 1264 752 1264 0
w 640 1296 752 1296 0
w 608 1328 752 1328 0
w 592 1360 752 1360 0
w 576 1392 752 1392 0
w 560 1424 752 1424 0
w 656 1264 656 1904 0
w 640 1296 640 1840 0
w 608 1328 608 1776 0
w 592 1360 592 1712 0
w 576 1392 576 1648 0
w 560 1424 560 1584 0
x 751 1212 911 1215 4 24 SPLIT_DIGITS
208 752 1264 912 1264 0 SPLIT_DIGITS 5 0 5 0 5 5 0
157 3120 1168 3312 1168 0 7 0 0
w 656 1264 656 416 0
w 640 448 640 1296 0
w 608 1328 608 480 0
w 592 512 592 1360 0
w 576 1392 576 544 0
w 560 576 560 1424 0
197 2880 832 2976 832 0
w 3008 832 3120 832 0
w 3120 1168 3120 832 0
w 3008 864 3104 864 0
w 3104 864 3104 1200 0
w 3104 1200 3120 1200 0
w 3008 896 3088 896 0
w 3088 896 3088 1232 0
w 3088 1232 3120 1232 0
w 3008 928 3072 928 0
w 3072 928 3072 1264 0
w 3072 1264 3120 1264 0
w 3008 960 3056 960 0
w 3056 960 3056 1296 0
w 3056 1296 3184 1296 0
w 3008 992 3040 992 0
w 3040 992 3040 1312 0
w 3040 1312 3216 1312 0
w 3216 1312 3216 1296 0
w 3008 1024 3024 1024 0
w 3024 1024 3024 1328 0
w 3024 1328 3248 1328 0
w 3248 1328 3248 1296 0
w 1984 992 2784 992 0
w 1984 1024 2816 1024 0
w 1984 1056 2848 1056 0
w 2848 1056 2848 928 0
w 2848 928 2880 928 0
w 2816 1024 2816 896 0
w 2816 896 2880 896 0
w 2784 992 2784 864 0
w 2784 864 2880 864 0
w 3696 1328 3696 1296 0
w 3472 1328 3696 1328 0
w 3472 1024 3472 1328 0
w 3456 1024 3472 1024 0
w 3664 1312 3664 1296 0
w 3488 1312 3664 1312 0
w 3488 992 3488 1312 0
w 3456 992 3488 992 0
w 3504 1296 3632 1296 0
w 3504 960 3504 1296 0
w 3456 960 3504 960 0
w 3520 1264 3568 1264 0
w 3520 928 3520 1264 0
w 3456 928 3520 928 0
w 3536 1232 3568 1232 0
w 3536 896 3536 1232 0
w 3456 896 3536 896 0
w 3552 1200 3568 1200 0
w 3552 864 3552 1200 0
w 3456 864 3552 864 0
w 3568 1168 3568 832 0
w 3456 832 3568 832 0
197 3328 832 3424 832 0
157 3568 1168 3760 1168 0 7 0 0
w 1984 1088 2496 1088 0
w 2496 1088 2496 720 0
w 1984 1120 2512 1120 0
w 2512 1120 2512 736 0
w 1984 1152 2528 1152 0
w 2528 1152 2528 752 0
w 1984 1184 2560 1184 0
w 2560 1184 2560 768 0
w 2560 768 3200 768 0
w 3200 768 3200 928 0
w 3328 928 3200 928 0
w 2528 752 3216 752 0
w 3216 752 3216 896 0
w 3216 896 3328 896 0
w 2512 736 3232 736 0
w 3232 736 3232 864 0
w 3232 864 3328 864 0
w 2496 720 3248 720 0
w 3248 720 3248 832 0
w 3248 832 3328 832 0
157 4592 1168 4784 1168 0 7 0 0
197 4352 832 4448 832 0
w 4480 832 4592 832 0
w 4592 1168 4592 832 0
w 4480 864 4576 864 0
w 4576 864 4576 1200 0
w 4576 1200 4592 1200 0
w 4480 896 4560 896 0
w 4560 896 4560 1232 0
w 4560 1232 4592 1232 0
w 4480 928 4544 928 0
w 4544 928 4544 1264 0
w 4544 1264 4592 1264 0
w 4480 960 4528 960 0
w 4528 960 4528 1296 0
w 4528 1296 4656 1296 0
w 4480 992 4512 992 0
w 4512 992 4512 1312 0
w 4512 1312 4688 1312 0
w 4688 1312 4688 1296 0
w 4480 1024 4496 1024 0
w 4496 1024 4496 1328 0
w 4496 1328 4720 1328 0
w 4720 1328 4720 1296 0
w 3888 896 3904 896 0
w 3888 1408 3888 896 0
w 3904 1424 3904 928 0
w 4272 1328 4272 1296 0
w 4048 1328 4272 1328 0
w 4048 1024 4048 1328 0
w 4032 1024 4048 1024 0
w 4240 1312 4240 1296 0
w 4064 1312 4240 1312 0
w 4064 992 4064 1312 0
w 4032 992 4064 992 0
w 4080 1296 4208 1296 0
w 4080 960 4080 1296 0
w 4032 960 4080 960 0
w 4096 1264 4144 1264 0
w 4096 928 4096 1264 0
w 4032 928 4096 928 0
w 4112 1232 4144 1232 0
w 4112 896 4112 1232 0
w 4032 896 4112 896 0
w 4128 1200 4144 1200 0
w 4128 864 4128 1200 0
w 4032 864 4128 864 0
w 4144 1168 4144 832 0
w 4032 832 4144 832 0
197 3904 832 4000 832 0
157 4144 1168 4336 1168 0 7 0 0
w 848 1264 2720 1264 0
w 848 1296 2704 1296 0
w 848 1328 2688 1328 0
w 2688 1328 2688 1424 0
w 2688 1424 3904 1424 0
w 2704 1296 2704 1408 0
w 2720 1264 2720 1392 0
w 2704 1408 3888 1408 0
w 2720 1392 3872 1392 0
w 3872 1392 3872 864 0
w 3872 864 3904 864 0
w 848 1360 2640 1360 0
w 848 1392 2624 1392 0
w 848 1424 2608 1424 0
w 848 1456 2592 1456 0
w 2640 1360 2640 1440 0
w 2640 1440 4304 1440 0
w 4304 1440 4304 832 0
w 4304 832 4352 832 0
w 4352 864 4320 864 0
w 4320 864 4320 1456 0
w 4352 896 4336 896 0
w 4336 896 4336 1472 0
w 4352 928 4352 1488 0
w 2624 1392 2624 1456 0
w 2608 1424 2608 1472 0
w 2592 1456 2592 1488 0
w 2624 1456 4320 1456 0
w 4336 1472 2608 1472 0
w 2592 1488 4352 1488 0
w 2640 1744 2720 1744 0
w 32 912 16 1952 0
w 16 1952 2688 1968 0
w 2688 1968 2688 1776 0
w 2688 1776 2720 1776 0
155 2720 1744 2816 1744 0 0
155 2864 1744 2960 1744 0 0
w 2816 1744 2864 1744 0
w 2688 1968 2848 1968 0
w 2848 1968 2848 1776 0
w 2848 1776 2864 1776 0
w 3008 1776 3024 1776 0
w 3008 1968 3008 1776 0
w 2848 1968 3008 1968 0
w 2960 1744 3024 1744 0
155 3024 1744 3120 1744 0 0
w 3168 1776 3184 1776 0
w 3168 1968 3168 1776 0
w 3008 1968 3168 1968 0
w 3120 1744 3184 1744 0
155 3184 1744 3280 1744 0 0
w 2720 1744 2720 1696 0
w 2720 1696 3328 1696 0
w 2816 1744 2816 1680 0
w 2816 1680 3328 1680 0
w 2960 1744 2960 1648 0
w 2960 1648 3328 1648 0
w 3120 1744 3120 1632 0
w 3120 1632 3328 1632 0
152 3328 1664 3424 1664 0 4 0 5
w 3424 1664 3536 1664 0
x 3165 1607 3434 1610 4 24 Alarm\slasts\sfor\s5\sseconds
207 3536 1664 3632 1664 4 ALARM_OUTPUT
