$ 1 0.000005 10.20027730826997 50 5 50 5e-11
421 -784 32 -688 32 0 8 0 0 0 0 0 0 0 0 0
x -1385 137 -1209 140 4 24 start\svalue\ssetup
w -1120 64 -976 64 0
w -1120 96 -992 96 0
w -1120 128 -1008 128 0
w -1120 160 -1024 160 0
w -1120 192 -1040 192 0
w -1120 224 -1056 224 0
w -1120 256 -1072 256 0
w -1120 288 -1088 288 0
w -832 32 -784 32 0
w -832 352 -832 32 0
w -832 352 -784 352 0
w -592 320 -592 -112 0
w -592 320 -688 320 0
w -688 64 -400 64 0
w -688 96 -416 96 0
w -688 128 -432 128 0
w -688 160 -448 160 0
w -688 192 -464 192 0
w -688 224 -480 224 0
w -688 256 -496 256 0
w -688 288 -512 288 0
184 -576 448 -560 448 5120 1
R -160 384 -96 384 0 0 40 5 0 0 0.5
w -1088 288 -784 288 0
w -1072 256 -784 256 0
w -1056 224 -784 224 0
w -1040 192 -784 192 0
w -1024 160 -784 160 0
w -1008 128 -784 128 0
w -992 96 -784 96 0
w -976 64 -784 64 0
R -688 352 -592 352 0 0 40 5 0 0 0.5
184 -560 592 -544 592 5120 1
184 -512 736 -496 736 5120 1
184 -496 880 -480 880 5120 1
184 -448 1024 -432 1024 5120 1
184 -432 1136 -416 1136 5120 1
184 -384 1264 -368 1264 5120 1
184 -368 1376 -352 1376 5120 1
151 192 864 288 864 0 8 0 5
x -1672 321 -1534 324 4 24 manual\sreset
w -1168 480 -1376 480 0
w -1232 320 -1168 320 0
g -1232 384 -1232 416 0 0
r -1232 320 -1232 384 0 1000
w -784 320 -1168 320 0
w 288 864 288 352 0
w -1168 384 -1168 480 0
w -672 1168 -432 1168 0
w -672 1056 -448 1056 0
w -672 912 -496 912 0
w -672 768 -512 768 0
w -672 624 -560 624 0
w -672 480 -576 480 0
w -672 1408 -368 1408 0
w -672 1296 -384 1296 0
x -981 771 -813 774 4 24 maximum\svalue
x -914 -134 -668 -131 4 24 off\s-\senable\sthe\scounter
x -913 -163 -676 -160 4 24 on\s-\sset\sthe\sstart\svalue
x -584 427 -539 430 4 24 LSB
w -512 288 -512 416 0
w -496 256 -496 560 0
w -448 704 -448 224 0
w -432 848 -432 192 0
w -384 992 -384 160 0
w -368 1104 -368 128 0
w -320 1232 -320 96 0
w -304 1344 -304 64 0
w -480 224 -448 224 0
w -464 192 -432 192 0
w -448 160 -384 160 0
w -432 128 -368 128 0
w -416 96 -320 96 0
w -400 64 -304 64 0
w -512 288 -176 288 0
w -496 256 -176 256 0
w -448 224 -176 224 0
w -432 192 -176 192 0
w -384 160 -176 160 0
w -368 128 -176 128 0
w -320 96 -176 96 0
w -304 64 -176 64 0
w -480 416 -192 416 0
w -464 560 -192 560 0
w -416 704 -192 704 0
w -400 848 -192 848 0
w -352 992 -192 992 0
w -336 1104 -192 1104 0
w -288 1232 -192 1232 0
w -272 1344 -192 1344 0
w -192 1344 -192 1232 0
w -192 1232 -192 1104 0
w -192 1104 -192 992 0
w -192 992 -192 848 0
w -192 848 -192 704 0
w -192 704 -192 560 0
w -192 560 -192 416 0
w -192 416 -192 384 0
w -192 384 -160 384 0
w -272 1440 128 1440 0
w 128 1440 128 928 0
w 128 928 192 928 0
w -288 1328 112 1328 0
w 112 1328 112 912 0
w 112 912 192 912 0
w -336 1200 96 1200 0
w 96 1200 96 896 0
w 96 896 192 896 0
w -352 1088 80 1088 0
w 80 1088 80 880 0
w 80 880 192 880 0
w -400 944 64 944 0
w 64 944 64 848 0
w 64 848 192 848 0
w -416 800 128 800 0
w 128 800 128 832 0
w 128 832 192 832 0
w -464 656 160 656 0
w 160 656 160 816 0
w 160 816 192 816 0
w -480 512 176 512 0
w 176 512 176 800 0
w 176 800 192 800 0
w 288 352 -544 352 0
w -544 352 -544 384 0
w -544 384 -1168 384 0
207 -800 -112 -848 -112 4 D_set
207 -832 32 -896 32 4 CLK
207 -1120 64 -1168 64 4 D7
207 -1120 96 -1168 96 4 D6
207 -1120 128 -1168 128 4 D5
207 -1120 160 -1168 160 4 D4
207 -1120 192 -1168 192 4 D3
207 -1120 224 -1168 224 4 D2
207 -1120 256 -1168 256 4 D1
207 -1120 288 -1168 288 4 D0
207 -672 480 -720 480 4 M0
207 -672 624 -720 624 4 M1
207 -672 768 -720 768 4 M2
207 -672 912 -720 912 4 M3
207 -672 1056 -720 1056 4 M4
207 -672 1168 -720 1168 4 M5
207 -672 1296 -720 1296 4 M6
207 -672 1408 -720 1408 4 M7
184 -1360 320 -1312 320 0 1
w -1376 480 -1376 320 0
w -1376 320 -1360 320 0
w -1264 320 -1232 320 0
207 -1296 416 -1296 464 4 RESET
207 -176 64 -112 64 4 Q7
207 -176 96 -112 96 4 Q6
207 -176 128 -112 128 4 Q5
207 -176 160 -112 160 4 Q4
207 -176 192 -112 192 4 Q3
207 -176 224 -112 224 4 Q2
207 -176 256 -112 256 4 Q1
207 -176 288 -112 288 4 Q0
I -704 -112 -656 -112 0 0.5 5
w -800 -112 -704 -112 0
w -656 -112 -592 -112 0
g -688 32 -624 32 0 0
g -1424 352 -1504 352 0 0
w -1424 352 -1360 352 0
. COUNTER_MAX/LOAD 0 10 12 27 CLK 17 10 2 D0 16 8 2 D1 15 7 2 D2 14 6 2 D3 13 5 2 D4 12 4 2 D5 11 3 2 D6 10 2 2 D7 9 1 2 D_set 39 0 2 M0 22 8 1 M1 24 7 1 M2 26 6 1 M3 28 5 1 M4 30 4 1 M5 32 3 1 M6 34 2 1 M7 36 1 1 Q0 8 7 3 Q1 7 6 3 Q2 6 5 3 Q3 5 4 3 Q4 4 3 3 Q5 3 2 3 Q6 2 1 3 Q7 1 0 3 RESET 40 9 2 Counter2Elm\s1\s2\s3\s4\s5\s6\s7\s8\s9\s10\s11\s12\s13\s14\s15\s16\s17\s18\s17\s0\s19\s20\rMultiplexerElm\s21\s8\s22\s23\rRailElm\s21\rRailElm\s20\rMultiplexerElm\s21\s7\s24\s25\rMultiplexerElm\s21\s6\s26\s27\rMultiplexerElm\s21\s5\s28\s29\rMultiplexerElm\s21\s4\s30\s31\rMultiplexerElm\s21\s3\s32\s33\rMultiplexerElm\s21\s2\s34\s35\rMultiplexerElm\s21\s1\s36\s37\rNandGateElm\s37\s35\s33\s31\s29\s27\s25\s23\s38\rResistorElm\s18\s0\rMultiplexerElm\s38\s0\s40\s18\rInverterElm\s39\s19 0\\s8\\s0\\s0\\s0\\s0\\s0\\s0\\s0\\s0\\s0\s5120\\s1\s0\\s0\\s40\\s5\\s0\\s0\\s0.5\s0\\s0\\s40\\s5\\s0\\s0\\s0.5\s5120\\s1\s5120\\s1\s5120\\s1\s5120\\s1\s5120\\s1\s5120\\s1\s5120\\s1\s0\\s8\\s0\\s5\s0\\s1000\s0\\s1\s0\\s0.5\\s5
410 -1984 -240 -1888 -48 1 COUNTER_MAX/LOAD 0\s8\s0\s0\s0\s0\s0\s0\s0\s0\s0 5120\s1 0\s0\s40\s5\s0\s0\s0.5 0\s0\s40\s5\s0\s0\s0.5 5120\s1 5120\s1 5120\s1 5120\s1 5120\s1 5120\s1 5120\s1 0\s8\s0\s5 0\s1000 0\s1 0\s0.5\s5
